// KPP-FMS TERA DATA V1 — source: 8. Agustus 2026 Daily Report(1).xlsx
// TERA FT: 0.0–153.0 cm | TERA MT: 0.0–224.1 cm | interval: 0.1 cm
// Normalisasi typo MT dari Excel: 18.7=1590, 35.7=3930, 83.1=12805, 90.9=14456.
(() => {
  "use strict";

  const CURVES = Object.freeze({
    FT: Object.freeze([0.0,0.0,0.2,0.4,0.7,1.1,1.6,2.1,2.8,3.5,4.3,5.2,6.2,7.3,8.4,9.7,11.0,12.4,13.9,15.5,17.2,18.9,20.8,22.8,24.8,26.9,29.1,31.4,33.7,36.2,38.7,41.4,44.1,46.9,49.8,52.7,55.8,58.9,62.1,65.5,68.9,72.3,75.9,79.6,83.3,87.1,91.0,95.0,99.1,103.2,107.3,111.5,115.8,120.1,124.5,129.0,133.7,138.4,143.3,148.3,153.4,158.5,163.8,169.1,174.5,180.0,185.6,191.2,197.0,202.8,208.7,214.8,220.8,227.0,233.3,239.6,246.1,252.6,259.2,265.9,272.7,279.5,286.5,293.5,300.6,307.8,315.1,322.5,329.9,337.5,345.1,352.8,360.6,368.5,376.4,384.5,392.6,400.9,409.2,417.6,426.0,434.6,443.2,452.0,460.8,469.7,478.7,487.7,496.9,506.1,515.4,524.9,534.3,543.9,553.6,563.3,573.2,583.1,593.1,603.2,613.3,623.6,633.8,644.1,654.3,664.6,674.8,685.1,695.4,705.8,716.4,726.9,737.6,748.4,759.2,770.1,781.1,792.2,803.3,814.6,825.9,837.3,848.8,860.4,872.1,883.8,895.5,907.3,919.0,930.8,942.7,954.5,966.4,978.3,990.3,1002.2,1014.2,1026.2,1038.3,1050.3,1062.4,1074.5,1086.6,1098.8,1110.9,1123.1,1135.4,1147.6,1159.9,1172.2,1184.5,1196.8,1209.2,1221.6,1234.0,1246.4,1258.9,1271.4,1283.9,1296.4,1309.0,1321.6,1334.2,1346.8,1359.5,1372.1,1384.8,1397.6,1410.3,1423.1,1435.9,1448.7,1461.6,1474.4,1487.3,1500.3,1513.2,1526.2,1539.1,1552.2,1565.2,1578.3,1591.4,1604.5,1617.6,1630.7,1643.9,1657.0,1670.2,1683.4,1696.6,1709.8,1723.0,1736.2,1749.5,1762.7,1776.0,1789.3,1802.6,1815.9,1829.2,1842.5,1855.8,1869.2,1882.5,1895.9,1909.3,1922.7,1936.1,1949.5,1962.9,1976.4,1989.8,2003.3,2016.7,2030.2,2043.7,2057.2,2070.7,2084.3,2097.8,2111.4,2124.9,2138.5,2152.1,2165.7,2179.3,2192.9,2206.5,2220.2,2233.8,2247.5,2261.2,2274.9,2288.6,2302.3,2316.0,2329.8,2343.5,2357.3,2371.0,2384.8,2398.6,2412.4,2426.2,2440.1,2453.9,2467.8,2481.6,2495.5,2509.4,2523.3,2537.2,2551.1,2565.0,2579.0,2592.9,2606.9,2620.9,2634.9,2648.9,2662.9,2676.9,2690.9,2705.0,2719.0,2733.1,2747.2,2761.3,2775.4,2789.5,2803.6,2817.7,2831.9,2846.1,2860.2,2874.4,2888.6,2902.8,2917.0,2931.3,2945.5,2959.7,2973.9,2988.2,3002.4,3016.6,3030.8,3045.1,3059.3,3073.5,3087.8,3102.0,3116.3,3130.5,3144.8,3159.0,3173.3,3187.6,3201.9,3216.2,3230.5,3244.8,3259.1,3273.4,3287.7,3302.1,3316.4,3330.7,3345.1,3359.4,3373.8,3388.1,3402.5,3416.9,3431.2,3445.6,3460.0,3474.4,3488.8,3503.2,3517.5,3531.9,3546.3,3560.8,3575.2,3589.6,3604.0,3618.4,3632.8,3647.3,3661.7,3676.2,3690.6,3705.1,3719.5,3734.0,3748.4,3762.9,3777.4,3791.8,3806.3,3820.8,3835.3,3849.8,3864.3,3878.8,3893.3,3907.8,3922.3,3936.8,3951.3,3965.9,3980.4,3994.9,4009.5,4024.0,4038.6,4053.1,4067.6,4082.2,4096.8,4111.3,4125.9,4140.5,4155.1,4169.7,4184.2,4198.8,4213.4,4228.0,4242.6,4257.2,4271.8,4286.5,4301.1,4315.7,4330.3,4345.0,4359.6,4374.2,4388.9,4403.5,4418.2,4432.9,4447.5,4462.2,4476.8,4491.5,4506.2,4520.8,4535.5,4550.3,4565.0,4579.7,4594.4,4609.1,4623.8,4638.5,4653.2,4667.9,4682.6,4697.4,4712.1,4726.9,4741.6,4756.4,4771.1,4785.9,4800.6,4815.4,4830.1,4844.9,4859.7,4874.4,4889.2,4904.0,4918.8,4933.5,4948.3,4963.1,4977.8,4992.6,5007.4,5022.1,5036.9,5051.7,5066.4,5081.2,5096.0,5110.8,5125.5,5140.3,5155.1,5169.8,5184.6,5199.4,5214.1,5228.9,5243.7,5258.4,5273.2,5288.0,5302.7,5317.5,5332.3,5347.0,5361.8,5376.6,5391.4,5406.1,5420.9,5435.7,5450.4,5465.2,5480.0,5494.7,5509.5,5524.3,5539.0,5553.8,5568.6,5583.3,5598.1,5612.9,5627.7,5642.4,5657.2,5672.0,5686.7,5701.5,5716.3,5731.0,5745.8,5760.6,5775.3,5790.1,5804.9,5819.6,5834.4,5849.2,5863.9,5878.7,5893.5,5908.3,5923.0,5937.8,5952.6,5967.3,5982.1,5996.9,6011.6,6026.4,6041.2,6055.9,6070.7,6085.5,6100.3,6115.0,6129.8,6144.6,6159.3,6174.1,6188.9,6203.6,6218.4,6233.2,6247.9,6262.7,6277.5,6292.3,6307.0,6321.8,6336.6,6351.3,6366.1,6380.9,6395.6,6410.4,6425.2,6439.9,6454.7,6469.5,6484.2,6499.0,6513.8,6528.5,6543.3,6558.1,6572.9,6587.6,6602.4,6617.2,6631.9,6646.7,6661.5,6676.3,6691.0,6705.8,6720.6,6735.4,6750.1,6764.9,6779.7,6794.5,6809.2,6824.0,6838.8,6853.6,6868.3,6883.1,6897.9,6912.7,6927.4,6942.2,6957.0,6971.8,6986.6,7001.3,7016.1,7030.9,7045.7,7060.5,7075.2,7090.0,7104.8,7119.6,7134.4,7149.1,7163.9,7178.7,7193.5,7208.3,7223.0,7237.8,7252.6,7267.4,7282.2,7296.9,7311.7,7326.5,7341.3,7356.1,7370.9,7385.6,7400.4,7415.2,7430.0,7444.8,7459.6,7474.3,7489.1,7503.9,7518.7,7533.5,7548.3,7563.0,7577.8,7592.6,7607.4,7622.2,7637.0,7651.7,7666.5,7681.3,7696.1,7710.9,7725.6,7740.4,7755.2,7770.0,7784.7,7799.5,7814.3,7829.0,7843.8,7858.5,7873.3,7888.1,7902.8,7917.6,7932.3,7947.1,7961.9,7976.7,7991.4,8006.2,8021.0,8035.8,8050.5,8065.3,8080.1,8094.9,8109.7,8124.5,8139.2,8154.0,8168.8,8183.6,8198.4,8213.2,8228.0,8242.8,8257.5,8272.3,8287.1,8301.9,8316.7,8331.5,8346.3,8361.1,8375.8,8390.6,8405.4,8420.2,8435.0,8449.8,8464.6,8479.4,8494.1,8508.9,8523.7,8538.5,8553.3,8568.1,8582.9,8597.7,8612.5,8627.2,8642.0,8656.8,8671.6,8686.4,8701.2,8716.0,8730.8,8745.6,8760.3,8775.1,8789.9,8804.7,8819.5,8834.3,8849.1,8863.9,8878.7,8893.4,8908.2,8923.0,8937.8,8952.6,8967.4,8982.2,8997.0,9011.8,9026.6,9041.3,9056.1,9070.9,9085.7,9100.5,9115.3,9130.1,9144.9,9159.7,9174.5,9189.2,9204.0,9218.8,9233.6,9248.4,9263.2,9278.0,9292.8,9307.6,9322.4,9337.1,9351.9,9366.7,9381.5,9396.3,9411.1,9425.8,9440.5,9455.3,9470.0,9484.8,9499.5,9514.3,9529.0,9543.8,9558.5,9573.2,9588.0,9602.7,9617.5,9632.2,9646.9,9661.7,9676.4,9691.2,9705.9,9720.6,9735.4,9750.1,9764.9,9779.6,9794.3,9809.1,9823.8,9838.6,9852.1,9865.6,9879.2,9892.7,9906.2,9919.8,9933.3,9946.8,9960.4,9973.9,9988.4,10002.9,10017.4,10031.9,10046.4,10060.9,10075.4,10089.9,10104.4,10118.9,10133.7,10148.4,10163.2,10177.9,10192.6,10207.4,10222.1,10236.9,10251.6,10266.4,10281.1,10295.8,10310.6,10325.3,10340.1,10354.8,10369.5,10384.3,10399.0,10413.8,10428.5,10443.3,10458.1,10472.8,10487.6,10502.3,10517.1,10531.9,10546.6,10561.4,10576.2,10591.0,10605.7,10620.5,10635.3,10650.1,10664.9,10679.7,10694.5,10709.3,10724.1,10738.9,10753.7,10768.4,10783.2,10798.0,10812.8,10827.6,10842.4,10857.2,10872.0,10886.8,10901.6,10916.4,10931.1,10945.9,10960.7,10975.5,10990.3,11005.1,11019.9,11034.7,11049.5,11064.3,11079.1,11093.8,11108.6,11123.4,11138.2,11153.0,11167.8,11182.6,11197.4,11212.2,11227.0,11241.7,11256.5,11271.3,11286.1,11300.9,11315.7,11330.5,11345.3,11360.1,11374.9,11389.7,11404.4,11419.2,11434.0,11448.8,11463.6,11478.4,11493.2,11508.0,11522.8,11537.5,11552.3,11567.1,11581.9,11596.7,11611.5,11626.3,11641.1,11655.9,11670.7,11685.4,11700.2,11715.0,11729.8,11744.6,11759.4,11774.2,11789.0,11803.8,11818.5,11833.3,11848.1,11862.9,11877.7,11892.5,11907.3,11922.1,11936.9,11951.6,11966.4,11981.2,11996.0,12010.8,12025.6,12040.4,12055.2,12070.0,12084.7,12099.5,12114.3,12129.1,12143.9,12158.7,12173.5,12188.3,12203.0,12217.8,12232.6,12247.4,12262.2,12277.0,12291.8,12306.6,12321.3,12336.1,12350.9,12365.7,12380.5,12395.3,12410.1,12424.9,12439.6,12454.4,12469.2,12484.0,12498.8,12513.5,12528.3,12543.1,12557.9,12572.6,12587.4,12602.2,12616.9,12631.7,12646.5,12661.2,12676.0,12690.7,12705.5,12720.3,12735.0,12749.8,12764.5,12779.3,12794.1,12808.9,12823.7,12838.4,12853.2,12868.0,12882.8,12897.6,12912.4,12927.1,12941.9,12956.7,12971.5,12986.3,13001.1,13015.8,13030.6,13045.4,13060.2,13075.0,13089.8,13104.5,13119.3,13134.1,13148.9,13163.7,13178.5,13193.2,13208.0,13222.8,13237.6,13252.4,13267.1,13281.9,13296.7,13311.5,13326.3,13341.0,13355.8,13370.6,13385.4,13400.2,13415.0,13429.7,13444.5,13459.3,13474.1,13488.9,13503.6,13518.4,13533.2,13548.0,13562.8,13577.5,13592.3,13607.1,13621.9,13636.6,13651.4,13666.2,13681.0,13695.8,13710.5,13725.3,13740.1,13754.9,13769.6,13784.4,13799.2,13814.0,13828.7,13843.5,13858.3,13873.1,13887.8,13902.6,13917.4,13932.1,13946.9,13961.7,13976.5,13991.2,14006.0,14020.8,14035.5,14050.3,14065.1,14079.8,14094.6,14109.4,14124.1,14138.9,14153.7,14168.5,14183.2,14198.0,14212.8,14227.5,14242.3,14257.1,14271.8,14286.6,14301.4,14316.1,14330.9,14345.7,14360.4,14375.2,14390.0,14404.8,14419.5,14434.3,14449.1,14463.8,14478.6,14493.4,14508.1,14522.9,14537.7,14552.4,14567.2,14582.0,14596.7,14611.5,14626.3,14641.0,14655.8,14670.6,14685.4,14700.1,14714.9,14729.7,14744.4,14759.2,14774.0,14788.7,14803.5,14818.3,14833.0,14847.8,14862.6,14877.3,14892.1,14906.9,14921.7,14936.4,14951.2,14966.0,14980.7,14995.5,15010.3,15025.0,15039.8,15054.6,15069.3,15084.1,15098.9,15113.7,15128.4,15143.2,15158.0,15172.7,15187.5,15202.3,15217.0,15231.8,15246.6,15261.3,15276.1,15290.9,15305.6,15320.4,15335.2,15349.9,15364.7,15379.5,15394.3,15409.0,15423.8,15438.6,15453.3,15468.1,15482.9,15497.6,15512.4,15527.2,15541.9,15556.7,15571.5,15586.3,15601.0,15615.8,15630.6,15645.3,15660.1,15674.9,15689.6,15704.4,15719.2,15733.9,15748.7,15763.4,15778.2,15792.9,15807.7,15822.4,15837.2,15851.9,15866.7,15881.4,15896.1,15910.8,15925.5,15940.2,15954.9,15969.6,15984.4,15999.1,16013.8,16028.5,16043.1,16057.8,16072.5,16087.1,16101.8,16116.5,16131.1,16145.8,16160.4,16175.1,16189.7,16204.4,16219.0,16233.6,16248.2,16262.8,16277.5,16292.1,16306.7,16321.3,16335.9,16350.5,16365.1,16379.7,16394.2,16408.8,16423.4,16438.0,16452.6,16467.1,16481.7,16496.2,16510.7,16525.3,16539.8,16554.4,16568.9,16583.4,16598.0,16612.5,16627.0,16641.5,16656.0,16670.5,16685.0,16699.5,16714.0,16728.5,16743.0,16757.5,16771.9,16786.4,16800.8,16815.3,16829.8,16844.2,16858.7,16873.1,16887.6,16902.0,16916.4,16930.9,16945.3,16959.7,16974.1,16988.5,17002.9,17017.3,17031.7,17046.2,17060.5,17074.9,17089.3,17103.6,17118.0,17132.4,17146.8,17161.1,17175.5,17189.9,17204.2,17218.5,17232.8,17247.2,17261.5,17275.8,17290.1,17304.5,17318.8,17333.1,17347.4,17361.6,17375.9,17390.2,17404.4,17418.7,17433.0,17447.2,17461.5,17475.7,17490.0,17504.2,17518.4,17532.7,17546.9,17561.1,17575.4,17589.6,17603.8,17618.1,17632.3,17646.5,17660.7,17674.9,17689.1,17703.2,17717.4,17731.5,17745.7,17759.8,17773.9,17788.0,17802.1,17816.2,17830.3,17844.3,17858.4,17872.4,17886.4,17900.5,17914.4,17928.4,17942.4,17956.4,17970.3,17984.3,17998.2,18012.1,18026.0,18039.9,18053.8,18067.7,18081.5,18095.4,18109.3,18123.1,18136.9,18150.7,18164.5,18178.3,18192.0,18205.8,18219.5,18233.3,18247.0,18260.7,18274.4,18288.1,18301.8,18315.5,18329.1,18342.7,18356.4,18370.0,18383.6,18397.2,18410.8,18424.4,18437.9,18451.5,18465.0,18478.5,18492.1,18505.6,18519.1,18532.6,18546.0,18559.5,18572.9,18586.4,18599.8,18613.2,18626.6,18640.0,18653.4,18666.8,18680.1,18693.4,18706.8,18720.1,18733.4,18746.7,18760.0,18773.3,18786.6,18799.8,18813.0,18826.3,18839.5,18852.7,18865.9,18879.1,18892.2,18905.4,18918.6,18931.7,18944.8,18957.9,18971.0,18984.1,18997.1,19010.1,19023.1,19036.1,19049.1,19061.9,19074.8,19087.7,19100.5,19113.4,19126.2,19138.9,19151.7,19164.4,19177.2,19189.8,19202.4,19215.1,19227.7,19240.3,19252.8,19265.3,19277.9,19290.4,19302.9,19315.3,19327.7,19340.1,19352.4,19364.8,19377.1,19389.4,19401.6,19413.9,19426.2,19438.3,19450.5,19462.6,19474.8,19486.9,19499.0,19511.0,19523.0,19535.1,19547.1,19559.0,19570.9,19582.8,19594.7,19606.6,19618.4,19630.2,19642.0,19653.7,19665.5,19677.1,19688.7,19700.2,19711.8,19723.4,19734.6,19745.7,19756.9,19768.0,19779.2,19789.9,19800.7,19811.4,19822.2,19832.9,19843.5,19853.9,19864.2,19874.4,19884.7,19894.9,19905.1,19915.3,19925.6,19935.8,19945.9,19956.0,19965.9,19975.8,19985.6,19995.3,20005.0,20014.5,20024.0,20033.4,20042.8,20052.2,20061.6,20070.9,20080.2,20089.4,20098.6,20107.7,20116.8,20125.8,20134.8,20143.7,20152.6,20161.4,20170.2,20178.9,20187.6,20196.2,20204.8,20213.3,20221.8,20230.2,20238.6,20246.9,20255.2,20263.4,20271.6,20279.7,20287.8,20295.8,20303.8,20311.7,20319.6,20327.4,20335.2,20342.9,20350.6,20358.2,20365.8,20373.3]),
    MT: Object.freeze([0.0,1.0,2.0,4.0,6.0,8.0,11.0,14.0,17.0,20.0,23.0,27.0,30.0,34.0,38.0,42.0,47.0,51.0,56.0,61.0,65.0,70.0,75.0,81.0,86.0,91.0,97.0,103.0,108.0,114.0,120.0,126.0,132.0,138.0,145.0,151.0,158.0,164.0,171.0,178.0,185.0,191.0,198.0,206.0,213.0,220.0,227.0,233.0,240.0,247.0,254.0,261.0,268.0,275.0,282.0,289.0,296.0,303.0,311.0,318.0,326.0,333.0,341.0,349.0,356.0,364.0,372.0,380.0,388.0,396.0,404.0,412.0,420.0,429.0,437.0,445.0,454.0,462.0,471.0,479.0,488.0,497.0,506.0,514.0,523.0,532.0,541.0,550.0,559.0,568.0,577.0,586.0,596.0,605.0,614.0,624.0,633.0,643.0,652.0,662.0,671.0,681.0,691.0,700.0,710.0,720.0,729.0,739.0,748.0,757.0,767.0,776.0,786.0,795.0,805.0,815.0,824.0,834.0,844.0,854.0,864.0,873.0,883.0,893.0,903.0,913.0,923.0,933.0,944.0,954.0,964.0,974.0,985.0,995.0,1005.0,1016.0,1026.0,1037.0,1047.0,1058.0,1068.0,1079.0,1090.0,1100.0,1111.0,1122.0,1133.0,1143.0,1154.0,1165.0,1176.0,1187.0,1198.0,1209.0,1220.0,1231.0,1242.0,1252.0,1263.0,1274.0,1285.0,1296.0,1307.0,1318.0,1329.0,1340.0,1351.0,1362.0,1373.0,1384.0,1395.0,1406.0,1418.0,1429.0,1440.0,1452.0,1463.0,1474.0,1486.0,1497.0,1509.0,1520.0,1532.0,1543.0,1555.0,1567.0,1578.0,1590,1602.0,1613.0,1625.0,1637.0,1649.0,1661.0,1672.0,1684.0,1696.0,1708.0,1720.0,1732.0,1743.0,1755.0,1766.0,1777.0,1789.0,1801.0,1812.0,1824.0,1835.0,1847.0,1859.0,1870.0,1882.0,1894.0,1906.0,1917.0,1929.0,1941.0,1953.0,1965.0,1977.0,1989.0,2001.0,2013.0,2025.0,2037.0,2049.0,2061.0,2073.0,2085.0,2097.0,2110.0,2122.0,2134.0,2146.0,2159.0,2171.0,2183.0,2196.0,2208.0,2220.0,2234.0,2247.0,2261.0,2274.0,2288.0,2301.0,2315.0,2329.0,2342.0,2356.0,2370.0,2384.0,2397.0,2411.0,2425.0,2439.0,2453.0,2466.0,2480.0,2494.0,2508.0,2522.0,2536.0,2550.0,2564.0,2578.0,2592.0,2607.0,2621.0,2635.0,2649.0,2663.0,2678.0,2692.0,2706.0,2720.0,2735.0,2749.0,2763.0,2778.0,2792.0,2807.0,2821.0,2836.0,2850.0,2865.0,2879.0,2894.0,2909.0,2923.0,2938.0,2953.0,2967.0,2982.0,2997.0,3011.0,3026.0,3041.0,3056.0,3071.0,3086.0,3101.0,3115.0,3130.0,3145.0,3160.0,3175.0,3190.0,3205.0,3220.0,3235.0,3250.0,3265.0,3280.0,3295.0,3310.0,3325.0,3340.0,3355.0,3370.0,3385.0,3400.0,3415.0,3430.0,3445.0,3460.0,3475.0,3491.0,3506.0,3521.0,3536.0,3551.0,3567.0,3582.0,3597.0,3613.0,3628.0,3643.0,3659.0,3674.0,3690.0,3705.0,3721.0,3735.0,3750.0,3765.0,3780.0,3795.0,3810.0,3825.0,3840.0,3855.0,3870.0,3885.0,3900.0,3915.0,3930,3945.0,3961.0,3976.0,3991.0,4006.0,4021.0,4037.0,4052.0,4067.0,4082.0,4098.0,4113.0,4128.0,4144.0,4159.0,4174.0,4190.0,4205.0,4221.0,4237.0,4253.0,4270.0,4286.0,4303.0,4319.0,4336.0,4352.0,4369.0,4386.0,4402.0,4419.0,4435.0,4452.0,4469.0,4485.0,4502.0,4519.0,4536.0,4552.0,4569.0,4586.0,4603.0,4619.0,4636.0,4653.0,4670.0,4687.0,4704.0,4721.0,4737.0,4754.0,4770.0,4787.0,4803.0,4820.0,4836.0,4853.0,4869.0,4886.0,4902.0,4919.0,4936.0,4952.0,4969.0,4986.0,5002.0,5019.0,5036.0,5052.0,5069.0,5086.0,5103.0,5120.0,5136.0,5153.0,5170.0,5187.0,5204.0,5221.0,5237.0,5254.0,5270.0,5287.0,5303.0,5320.0,5336.0,5353.0,5369.0,5386.0,5403.0,5419.0,5436.0,5453.0,5469.0,5486.0,5503.0,5519.0,5536.0,5553.0,5569.0,5586.0,5603.0,5620.0,5637.0,5653.0,5670.0,5687.0,5704.0,5721.0,5738.0,5755.0,5772.0,5789.0,5806.0,5823.0,5840.0,5858.0,5875.0,5892.0,5909.0,5926.0,5944.0,5961.0,5978.0,5995.0,6013.0,6030.0,6047.0,6064.0,6082.0,6099.0,6116.0,6134.0,6151.0,6169.0,6186.0,6203.0,6221.0,6239.0,6256.0,6274.0,6292.0,6309.0,6327.0,6345.0,6363.0,6380.0,6398.0,6416.0,6434.0,6452.0,6470.0,6487.0,6505.0,6523.0,6541.0,6559.0,6577.0,6595.0,6613.0,6631.0,6649.0,6667.0,6685.0,6703.0,6721.0,6740.0,6758.0,6777.0,6796.0,6815.0,6833.0,6852.0,6871.0,6890.0,6909.0,6927.0,6946.0,6965.0,6984.0,7003.0,7022.0,7041.0,7060.0,7079.0,7098.0,7117.0,7136.0,7155.0,7174.0,7193.0,7212.0,7230.0,7249.0,7268.0,7287.0,7305.0,7324.0,7343.0,7362.0,7381.0,7399.0,7418.0,7437.0,7456.0,7475.0,7494.0,7513.0,7531.0,7550.0,7569.0,7588.0,7607.0,7626.0,7645.0,7664.0,7683.0,7702.0,7721.0,7740.0,7759.0,7778.0,7798.0,7817.0,7836.0,7855.0,7874.0,7893.0,7913.0,7932.0,7951.0,7970.0,7989.0,8009.0,8028.0,8047.0,8067.0,8086.0,8105.0,8124.0,8144.0,8163.0,8182.0,8202.0,8221.0,8240.0,8259.0,8279.0,8298.0,8317.0,8336.0,8355.0,8374.0,8393.0,8413.0,8432.0,8451.0,8470.0,8490.0,8509.0,8528.0,8547.0,8567.0,8586.0,8605.0,8624.0,8644.0,8663.0,8682.0,8702.0,8721.0,8740.0,8759.0,8779.0,8798.0,8817.0,8836.0,8855.0,8874.0,8894.0,8913.0,8932.0,8951.0,8970.0,8990.0,9009.0,9028.0,9047.0,9067.0,9086.0,9105.0,9125.0,9144.0,9163.0,9183.0,9202.0,9221.0,9240.0,9260.0,9279.0,9298.0,9317.0,9336.0,9355.0,9375.0,9394.0,9413.0,9432.0,9451.0,9471.0,9490.0,9509.0,9528.0,9548.0,9567.0,9586.0,9605.0,9625.0,9644.0,9663.0,9683.0,9702.0,9721.0,9741.0,9761.0,9781.0,9801.0,9821.0,9841.0,9861.0,9881.0,9901.0,9921.0,9941.0,9961.0,9981.0,10001.0,10021.0,10041.0,10061.0,10081.0,10101.0,10121.0,10141.0,10161.0,10181.0,10201.0,10221.0,10242.0,10262.0,10282.0,10303.0,10323.0,10343.0,10364.0,10384.0,10405.0,10425.0,10445.0,10466.0,10486.0,10507.0,10527.0,10547.0,10568.0,10588.0,10609.0,10629.0,10650.0,10670.0,10691.0,10711.0,10732.0,10752.0,10772.0,10793.0,10813.0,10833.0,10854.0,10874.0,10894.0,10915.0,10935.0,10956.0,10976.0,10996.0,11017.0,11037.0,11058.0,11078.0,11099.0,11119.0,11140.0,11160.0,11180.0,11201.0,11221.0,11242.0,11262.0,11282.0,11303.0,11323.0,11344.0,11364.0,11384.0,11405.0,11425.0,11445.0,11466.0,11486.0,11507.0,11527.0,11548.0,11568.0,11589.0,11609.0,11629.0,11650.0,11670.0,11691.0,11711.0,11732.0,11752.0,11772.0,11793.0,11813.0,11833.0,11854.0,11874.0,11895.0,11915.0,11935.0,11956.0,11976.0,11997.0,12017.0,12037.0,12058.0,12078.0,12099.0,12119.0,12140.0,12160.0,12181.0,12201.0,12222.0,12242.0,12263.0,12284.0,12305.0,12326.0,12346.0,12367.0,12388.0,12409.0,12430.0,12450.0,12471.0,12492.0,12513.0,12534.0,12555.0,12576.0,12596.0,12617.0,12638.0,12659.0,12680.0,12701.0,12722.0,12743.0,12763.0,12784.0,12805,12826.0,12846.0,12867.0,12888.0,12909.0,12930.0,12951.0,12971.0,12992.0,13013.0,13034.0,13055.0,13076.0,13097.0,13117.0,13138.0,13159.0,13180.0,13201.0,13222.0,13243.0,13264.0,13285.0,13307.0,13328.0,13349.0,13370.0,13392.0,13413.0,13434.0,13456.0,13477.0,13498.0,13519.0,13541.0,13562.0,13583.0,13605.0,13626.0,13647.0,13669.0,13690.0,13711.0,13733.0,13754.0,13775.0,13796.0,13818.0,13839.0,13860.0,13881.0,13903.0,13924.0,13945.0,13966.0,13988.0,14009.0,14030.0,14051.0,14073.0,14094.0,14115.0,14137.0,14158.0,14179.0,14201.0,14222.0,14243.0,14264.0,14286.0,14307.0,14328.0,14349.0,14371.0,14392.0,14413.0,14434.0,14456,14477.0,14498.0,14520.0,14541.0,14562.0,14583.0,14605.0,14626.0,14647.0,14669.0,14690.0,14711.0,14733.0,14754.0,14775.0,14796.0,14818.0,14839.0,14860.0,14881.0,14903.0,14924.0,14945.0,14967.0,14988.0,15009.0,15030.0,15052.0,15073.0,15094.0,15116.0,15137.0,15158.0,15180.0,15201.0,15222.0,15244.0,15266.0,15287.0,15309.0,15331.0,15352.0,15374.0,15396.0,15418.0,15439.0,15461.0,15483.0,15505.0,15526.0,15548.0,15570.0,15592.0,15613.0,15635.0,15657.0,15679.0,15700.0,15722.0,15744.0,15766.0,15787.0,15809.0,15831.0,15852.0,15874.0,15896.0,15918.0,15939.0,15961.0,15983.0,16005.0,16026.0,16048.0,16070.0,16092.0,16113.0,16135.0,16157.0,16179.0,16200.0,16222.0,16244.0,16266.0,16287.0,16309.0,16331.0,16353.0,16374.0,16396.0,16418.0,16439.0,16461.0,16483.0,16505.0,16526.0,16548.0,16570.0,16592.0,16613.0,16635.0,16657.0,16679.0,16701.0,16722.0,16744.0,16766.0,16787.0,16809.0,16831.0,16853.0,16874.0,16896.0,16918.0,16940.0,16961.0,16983.0,17005.0,17027.0,17048.0,17070.0,17092.0,17114.0,17135.0,17157.0,17179.0,17201.0,17222.0,17244.0,17266.0,17288.0,17309.0,17331.0,17353.0,17374.0,17396.0,17418.0,17440.0,17461.0,17483.0,17505.0,17527.0,17548.0,17570.0,17592.0,17614.0,17635.0,17657.0,17679.0,17701.0,17722.0,17744.0,17766.0,17788.0,17809.0,17831.0,17853.0,17875.0,17896.0,17918.0,17940.0,17961.0,17983.0,18005.0,18027.0,18049.0,18070.0,18092.0,18114.0,18135.0,18157.0,18179.0,18201.0,18223.0,18245.0,18267.0,18289.0,18311.0,18334.0,18356.0,18378.0,18400.0,18422.0,18445.0,18467.0,18489.0,18511.0,18534.0,18556.0,18578.0,18600.0,18623.0,18645.0,18667.0,18689.0,18711.0,18734.0,18756.0,18778.0,18800.0,18823.0,18845.0,18867.0,18889.0,18911.0,18934.0,18956.0,18978.0,19000.0,19023.0,19045.0,19067.0,19089.0,19112.0,19134.0,19156.0,19178.0,19200.0,19223.0,19245.0,19268.0,19291.0,19314.0,19336.0,19359.0,19382.0,19404.0,19427.0,19450.0,19473.0,19495.0,19518.0,19541.0,19564.0,19586.0,19609.0,19632.0,19655.0,19677.0,19700.0,19723.0,19745.0,19767.0,19789.0,19812.0,19834.0,19856.0,19878.0,19901.0,19923.0,19945.0,19967.0,19989.0,20012.0,20034.0,20056.0,20078.0,20101.0,20123.0,20145.0,20167.0,20189.0,20212.0,20234.0,20256.0,20278.0,20301.0,20323.0,20345.0,20367.0,20390.0,20412.0,20434.0,20456.0,20478.0,20501.0,20523.0,20545.0,20567.0,20590.0,20612.0,20634.0,20656.0,20678.0,20701.0,20723.0,20745.0,20766.0,20788.0,20810.0,20832.0,20853.0,20875.0,20897.0,20919.0,20940.0,20962.0,20984.0,21006.0,21027.0,21049.0,21071.0,21093.0,21114.0,21136.0,21158.0,21180.0,21201.0,21223.0,21245.0,21266.0,21288.0,21310.0,21332.0,21353.0,21375.0,21397.0,21419.0,21440.0,21462.0,21484.0,21506.0,21527.0,21549.0,21571.0,21593.0,21614.0,21636.0,21658.0,21680.0,21701.0,21723.0,21745.0,21767.0,21788.0,21810.0,21832.0,21854.0,21875.0,21897.0,21919.0,21941.0,21962.0,21984.0,22006.0,22028.0,22049.0,22071.0,22093.0,22114.0,22136.0,22158.0,22180.0,22201.0,22223.0,22245.0,22267.0,22288.0,22310.0,22332.0,22354.0,22375.0,22397.0,22419.0,22441.0,22462.0,22484.0,22506.0,22528.0,22549.0,22571.0,22593.0,22615.0,22636.0,22658.0,22680.0,22702.0,22723.0,22745.0,22767.0,22789.0,22810.0,22832.0,22854.0,22876.0,22897.0,22919.0,22941.0,22962.0,22984.0,23006.0,23028.0,23049.0,23071.0,23093.0,23115.0,23136.0,23158.0,23180.0,23202.0,23223.0,23245.0,23267.0,23289.0,23310.0,23332.0,23354.0,23376.0,23397.0,23419.0,23441.0,23463.0,23484.0,23506.0,23528.0,23550.0,23571.0,23593.0,23615.0,23636.0,23658.0,23680.0,23702.0,23723.0,23745.0,23767.0,23789.0,23810.0,23832.0,23854.0,23876.0,23897.0,23919.0,23941.0,23963.0,23984.0,24006.0,24028.0,24050.0,24071.0,24093.0,24115.0,24137.0,24158.0,24180.0,24202.0,24223.0,24245.0,24267.0,24289.0,24311.0,24332.0,24354.0,24376.0,24398.0,24419.0,24441.0,24463.0,24485.0,24506.0,24528.0,24550.0,24572.0,24593.0,24615.0,24637.0,24658.0,24680.0,24702.0,24724.0,24745.0,24766.0,24787.0,24809.0,24830.0,24851.0,24873.0,24894.0,24915.0,24937.0,24958.0,24979.0,25000.0,25022.0,25043.0,25064.0,25085.0,25107.0,25128.0,25149.0,25170.0,25192.0,25213.0,25234.0,25256.0,25277.0,25298.0,25319.0,25341.0,25362.0,25383.0,25405.0,25426.0,25447.0,25468.0,25490.0,25511.0,25532.0,25554.0,25575.0,25596.0,25617.0,25639.0,25660.0,25681.0,25702.0,25724.0,25745.0,25766.0,25788.0,25809.0,25830.0,25852.0,25873.0,25894.0,25915.0,25937.0,25958.0,25979.0,26001.0,26022.0,26043.0,26064.0,26086.0,26107.0,26128.0,26149.0,26171.0,26192.0,26213.0,26234.0,26256.0,26277.0,26298.0,26320.0,26341.0,26362.0,26384.0,26405.0,26426.0,26448.0,26469.0,26490.0,26511.0,26533.0,26554.0,26575.0,26596.0,26618.0,26639.0,26660.0,26681.0,26703.0,26724.0,26745.0,26766.0,26788.0,26809.0,26830.0,26852.0,26873.0,26894.0,26916.0,26937.0,26958.0,26980.0,27001.0,27022.0,27043.0,27065.0,27086.0,27107.0,27128.0,27150.0,27171.0,27192.0,27213.0,27235.0,27256.0,27277.0,27299.0,27320.0,27341.0,27363.0,27384.0,27405.0,27426.0,27448.0,27469.0,27490.0,27512.0,27533.0,27554.0,27575.0,27597.0,27618.0,27639.0,27660.0,27682.0,27703.0,27724.0,27745.0,27767.0,27788.0,27809.0,27831.0,27852.0,27873.0,27895.0,27916.0,27937.0,27958.0,27980.0,28001.0,28022.0,28044.0,28065.0,28086.0,28107.0,28129.0,28150.0,28171.0,28192.0,28214.0,28235.0,28256.0,28277.0,28299.0,28320.0,28341.0,28363.0,28384.0,28405.0,28427.0,28448.0,28469.0,28490.0,28512.0,28533.0,28554.0,28576.0,28597.0,28618.0,28639.0,28661.0,28682.0,28703.0,28724.0,28746.0,28767.0,28788.0,28810.0,28831.0,28852.0,28873.0,28895.0,28916.0,28937.0,28959.0,28980.0,29001.0,29023.0,29044.0,29065.0,29086.0,29108.0,29129.0,29150.0,29171.0,29192.0,29214.0,29235.0,29255.0,29275.0,29296.0,29316.0,29337.0,29357.0,29378.0,29398.0,29419.0,29439.0,29459.0,29480.0,29500.0,29521.0,29541.0,29561.0,29582.0,29602.0,29623.0,29643.0,29663.0,29684.0,29704.0,29724.0,29744.0,29764.0,29785.0,29805.0,29825.0,29845.0,29865.0,29885.0,29905.0,29925.0,29945.0,29965.0,29985.0,30005.0,30025.0,30045.0,30065.0,30085.0,30105.0,30125.0,30145.0,30165.0,30185.0,30204.0,30224.0,30244.0,30265.0,30285.0,30305.0,30325.0,30345.0,30365.0,30385.0,30405.0,30425.0,30445.0,30465.0,30485.0,30505.0,30525.0,30545.0,30565.0,30585.0,30605.0,30625.0,30645.0,30665.0,30685.0,30705.0,30724.0,30745.0,30765.0,30785.0,30805.0,30825.0,30845.0,30865.0,30885.0,30905.0,30925.0,30945.0,30965.0,30985.0,31005.0,31025.0,31045.0,31065.0,31085.0,31105.0,31125.0,31145.0,31165.0,31185.0,31205.0,31224.0,31245.0,31265.0,31285.0,31305.0,31325.0,31345.0,31365.0,31385.0,31405.0,31425.0,31445.0,31465.0,31485.0,31505.0,31525.0,31545.0,31565.0,31585.0,31605.0,31625.0,31645.0,31665.0,31685.0,31705.0,31725.0,31744.0,31763.0,31783.0,31802.0,31821.0,31840.0,31860.0,31879.0,31898.0,31918.0,31937.0,31956.0,31975.0,31995.0,32014.0,32033.0,32052.0,32071.0,32091.0,32110.0,32129.0,32148.0,32167.0,32186.0,32206.0,32225.0,32243.0,32262.0,32281.0,32299.0,32318.0,32336.0,32355.0,32373.0,32392.0,32411.0,32429.0,32448.0,32466.0,32485.0,32503.0,32522.0,32540.0,32559.0,32577.0,32596.0,32614.0,32633.0,32651.0,32669.0,32688.0,32706.0,32725.0,32743.0,32762.0,32781.0,32799.0,32818.0,32836.0,32855.0,32874.0,32892.0,32911.0,32929.0,32948.0,32966.0,32985.0,33003.0,33022.0,33040.0,33059.0,33077.0,33096.0,33114.0,33133.0,33151.0,33170.0,33188.0,33206.0,33225.0,33243.0,33262.0,33281.0,33299.0,33318.0,33337.0,33355.0,33374.0,33392.0,33411.0,33429.0,33448.0,33467.0,33485.0,33504.0,33522.0,33541.0,33559.0,33577.0,33596.0,33614.0,33633.0,33651.0,33670.0,33688.0,33707.0,33725.0,33744.0,33762.0,33781.0,33799.0,33818.0,33837.0,33855.0,33874.0,33892.0,33911.0,33930.0,33948.0,33967.0,33985.0,34004.0,34022.0,34041.0,34059.0,34078.0,34096.0,34115.0,34133.0,34151.0,34170.0,34188.0,34207.0,34225.0,34243.0,34261.0,34279.0,34297.0,34315.0,34333.0,34351.0,34369.0,34387.0,34405.0,34423.0,34440.0,34458.0,34476.0,34494.0,34512.0,34530.0,34548.0,34565.0,34583.0,34601.0,34619.0,34636.0,34654.0,34672.0,34690.0,34707.0,34725.0,34743.0,34761.0,34779.0,34797.0,34815.0,34833.0,34851.0,34869.0,34887.0,34905.0,34923.0,34941.0,34958.0,34976.0,34994.0,35012.0,35030.0,35048.0,35065.0,35083.0,35101.0,35119.0,35137.0,35154.0,35172.0,35190.0,35207.0,35225.0,35243.0,35260.0,35277.0,35295.0,35312.0,35329.0,35347.0,35364.0,35382.0,35399.0,35416.0,35433.0,35451.0,35468.0,35485.0,35502.0,35520.0,35537.0,35554.0,35571.0,35588.0,35606.0,35623.0,35640.0,35657.0,35674.0,35691.0,35708.0,35725.0,35742.0,35759.0,35776.0,35793.0,35809.0,35826.0,35843.0,35860.0,35877.0,35893.0,35910.0,35927.0,35943.0,35960.0,35977.0,35994.0,36010.0,36027.0,36043.0,36060.0,36077.0,36093.0,36110.0,36126.0,36143.0,36159.0,36176.0,36192.0,36209.0,36225.0,36242.0,36259.0,36276.0,36293.0,36310.0,36326.0,36343.0,36360.0,36377.0,36394.0,36410.0,36427.0,36444.0,36460.0,36477.0,36494.0,36510.0,36527.0,36544.0,36560.0,36577.0,36593.0,36610.0,36626.0,36643.0,36660.0,36676.0,36692.0,36709.0,36725.0,36742.0,36758.0,36774.0,36791.0,36807.0,36823.0,36840.0,36856.0,36872.0,36888.0,36905.0,36921.0,36937.0,36953.0,36969.0,36985.0,37002.0,37018.0,37034.0,37050.0,37066.0,37082.0,37098.0,37114.0,37130.0,37146.0,37162.0,37178.0,37194.0,37209.0,37225.0,37241.0,37256.0,37272.0,37287.0,37302.0,37318.0,37333.0,37348.0,37364.0,37379.0,37394.0,37409.0,37425.0,37440.0,37455.0,37470.0,37485.0,37500.0,37516.0,37531.0,37546.0,37561.0,37576.0,37591.0,37606.0,37621.0,37636.0,37651.0,37666.0,37681.0,37696.0,37711.0,37725.0,37740.0,37755.0,37769.0,37784.0,37798.0,37813.0,37827.0,37842.0,37856.0,37871.0,37885.0,37899.0,37914.0,37928.0,37943.0,37957.0,37971.0,37986.0,38000.0,38014.0,38028.0,38043.0,38057.0,38071.0,38085.0,38099.0,38113.0,38127.0,38141.0,38156.0,38170.0,38184.0,38198.0,38212.0,38226.0,38239.0,38253.0,38266.0,38280.0,38293.0,38306.0,38320.0,38333.0,38347.0,38360.0,38373.0,38387.0,38400.0,38413.0,38426.0,38440.0,38453.0,38466.0,38479.0,38492.0,38505.0,38519.0,38532.0,38545.0,38558.0,38571.0,38584.0,38597.0,38610.0,38623.0,38636.0,38649.0,38661.0,38674.0,38687.0,38700.0,38713.0,38726.0,38739.0,38751.0,38764.0,38777.0,38790.0,38803.0,38816.0,38828.0,38841.0,38854.0,38867.0,38879.0,38892.0,38905.0,38917.0,38930.0,38942.0,38955.0,38968.0,38980.0,38993.0,39005.0,39018.0,39030.0,39042.0,39055.0,39067.0,39079.0,39092.0,39104.0,39116.0,39129.0,39141.0,39153.0,39165.0,39177.0,39189.0,39202.0,39214.0,39226.0,39238.0,39250.0,39262.0,39274.0,39286.0,39298.0,39310.0,39322.0,39334.0,39346.0,39358.0,39370.0,39382.0,39394.0,39405.0,39417.0,39429.0,39441.0,39452.0,39464.0,39476.0,39487.0,39499.0,39511.0,39522.0,39534.0,39545.0,39557.0,39568.0,39580.0,39591.0,39602.0,39614.0,39625.0,39636.0,39648.0,39659.0,39670.0,39681.0,39692.0,39704.0,39715.0,39726.0,39737.0,39747.0,39758.0,39768.0,39779.0,39790.0,39800.0,39811.0,39821.0,39832.0,39842.0,39852.0,39863.0,39873.0,39883.0,39894.0,39904.0,39914.0,39924.0,39934.0,39945.0,39955.0,39965.0,39975.0,39985.0,39995.0,40005.0]),
  });

  const STORAGE_CURVE = Object.freeze({
    MT01: "MT",
    MT02: "MT",
    MT03: "MT",
    MT04: "MT",
    FT0073: "FT",
    FT0075: "FT",
  });

  const NOMINAL_CAPACITY = Object.freeze({
    MT01: 40000,
    MT02: 40000,
    MT03: 40000,
    MT04: 40000,
    FT0073: 20000,
    FT0075: 20000,
  });

  function curveName(storage) {
    const key = String(storage || "").toUpperCase();
    const name = STORAGE_CURVE[key];
    if (!name) throw new Error("Storage belum memiliki tabel tera: " + key);
    return name;
  }

  function lookup(storage, heightCm) {
    const key = String(storage || "").toUpperCase();
    const enteredHeight = Number(heightCm);
    if (!Number.isFinite(enteredHeight) || enteredHeight < 0) {
      throw new Error("Tinggi sonding harus berupa angka 0 atau lebih.");
    }

    const name = curveName(key);
    const curve = CURVES[name];
    const index = Math.floor((enteredHeight * 10) + 0.000001);
    if (index < 0 || index >= curve.length) {
      const maxHeight = (curve.length - 1) / 10;
      throw new Error("Tinggi " + key + " maksimal " + maxHeight.toLocaleString("id-ID") + " cm.");
    }

    const matchedHeightCm = index / 10;
    const liters = Number(curve[index]);
    return Object.freeze({
      storage: key,
      curve: name,
      enteredHeightCm: enteredHeight,
      matchedHeightCm,
      liters,
      roundedLiters: Math.round(liters),
      maxHeightCm: (curve.length - 1) / 10,
      maxLiters: Number(curve[curve.length - 1]),
      nominalCapacity: Number(NOMINAL_CAPACITY[key] || 0),
    });
  }

  function heightForLiters(storage, liters) {
    const key = String(storage || "").toUpperCase();
    const target = Number(liters);
    if (!Number.isFinite(target) || target < 0) return null;
    const curve = CURVES[curveName(key)];
    let low = 0;
    let high = curve.length - 1;
    while (low < high) {
      const mid = Math.floor((low + high) / 2);
      if (Number(curve[mid]) < target) low = mid + 1;
      else high = mid;
    }
    if (low > 0 && Math.abs(Number(curve[low - 1]) - target) <= Math.abs(Number(curve[low]) - target)) {
      low -= 1;
    }
    return low / 10;
  }

  window.KPP_TERA = Object.freeze({
    version: "AUGUST_2026_DAILY_REPORT_V1",
    source: "8. Agustus 2026 Daily Report(1).xlsx / TERA FT + TERA MT01",
    curves: CURVES,
    storageCurve: STORAGE_CURVE,
    nominalCapacity: NOMINAL_CAPACITY,
    lookup,
    liters(storage, heightCm) { return lookup(storage, heightCm).liters; },
    roundedLiters(storage, heightCm) { return lookup(storage, heightCm).roundedLiters; },
    heightForLiters,
  });
})();
